 epoch    train_loss    valid_acc    valid_f1    valid_loss      lr      dur
-------  ------------  -----------  ----------  ------------  ------  -------
      1        0.2826       0.9456      0.4629        0.2191  0.0010  10.5257
      2        0.1357       0.9472      0.4826        0.1772  0.0010  10.4316
      3        0.0942       0.9497      0.5455        0.1578  0.0010  10.1123
      4        0.0709       0.9530      0.5523        0.1469  0.0010  10.2997
      5        0.0553       0.9616      0.6218        0.1358  0.0010  10.3177
      6        0.0480       0.9639      0.6388        0.1329  0.0001  10.1388
      7        0.0451       0.9648      0.6477        0.1319  0.0001  10.4003
      8        0.0439       0.9646      0.6512        0.1328  0.0001  10.2700
      9        0.0427       0.9648      0.6533        0.1326  0.0001  10.2452
     10        0.0420       0.9656      0.6557        0.1310  0.0001  10.3015
     11        0.0411       0.9644      0.6527        0.1337  0.0000  10.2236
     12        0.0410       0.9649      0.6534        0.1325  0.0000  10.5675
     13        0.0407       0.9656      0.6560        0.1315  0.0000  10.3067
     14        0.0409       0.9652      0.6548        0.1324  0.0000  10.2363
     15        0.0409       0.9648      0.6537        0.1329  0.0000  10.2762
     16        0.0404       0.9656      0.6554        0.1320  0.0000  10.3953
     17        0.0406       0.9660      0.6548        0.1298  0.0000  10.4284
     18        0.0404       0.9657      0.6556        0.1314  0.0000  10.3359
     19        0.0404       0.9658      0.6564        0.1311  0.0000  10.3056
     20        0.0407       0.9656      0.6556        0.1320  0.0000  10.5438
     21        0.0404       0.9658      0.6558        0.1307  0.0000  10.2223
     22        0.0404       0.9658      0.6561        0.1310  0.0000  10.1482
     23        0.0407       0.9657      0.6541        0.1311  0.0000  10.2528
     24        0.0409       0.9650      0.6545        0.1329  0.0000  10.1307
     25        0.0404       0.9654      0.6537        0.1313  0.0000  10.1396
     26        0.0405       0.9654      0.6551        0.1318  0.0000  10.1767
     27        0.0405       0.9652      0.6545        0.1326  0.0000  10.2449
     28        0.0404       0.9658      0.6546        0.1305  0.0000  10.1248
     29        0.0405       0.9651      0.6546        0.1328  0.0000  10.1475
     30        0.0406       0.9655      0.6553        0.1321  0.0000  10.1554
[[43632   464    84    38]
 [  437  1246   146     7]
 [  137    11  3069     2]
 [  360     0    28     0]]
              precision    recall  f1-score   support

           0     0.9790    0.9867    0.9829     44218
           1     0.7240    0.6786    0.7006      1836
           2     0.9225    0.9534    0.9377      3219
           3     0.0000    0.0000    0.0000       388

    accuracy                         0.9655     49661
   macro avg     0.6564    0.6547    0.6553     49661
weighted avg     0.9583    0.9655    0.9618     49661