[[43384   743    79    12]
 [  409  1350    76     1]
 [  118    19  3081     1]
 [  362     0    24     2]]
              precision    recall  f1-score   support

           0     0.9799    0.9811    0.9805     44218
           1     0.6392    0.7353    0.6839      1836
           2     0.9451    0.9571    0.9511      3219
           3     0.1250    0.0052    0.0099       388

    accuracy                         0.9629     49661
   macro avg     0.6723    0.6697    0.6563     49661
weighted avg     0.9584    0.9629    0.9601     49661