  epoch    train_loss    valid_acc    valid_f1    valid_loss      lr      dur
-------  ------------  -----------  ----------  ------------  ------  -------
      1        0.2818       0.9434      0.4585        0.2243  0.0010  10.4209
      2        0.1344       0.9517      0.5257        0.1686  0.0010  10.4747
      3        0.0936       0.9608      0.6017        0.1449  0.0010  10.3891
      4        0.0741       0.9606      0.5971        0.1377  0.0010  10.3095
      5        0.0583       0.9639      0.6382        0.1352  0.0010  10.3260
      6        0.0520       0.9697      0.6569        0.1216  0.0001  10.3401
      7        0.0472       0.9717      0.6687        0.1199  0.0001  10.3566
      8        0.0457       0.9723      0.6715        0.1192  0.0001  10.2622
      9        0.0442       0.9721      0.6729        0.1203  0.0001  10.3668
     10        0.0434       0.9718      0.6710        0.1197  0.0001  10.2757
     11        0.0426       0.9725      0.6748        0.1199  0.0000  10.6541
     12        0.0425       0.9726      0.6751        0.1190  0.0000  10.7569
     13        0.0421       0.9725      0.6744        0.1192  0.0000  10.3918
     14        0.0421       0.9727      0.6751        0.1186  0.0000  10.3921
     15        0.0422       0.9728      0.6756        0.1191  0.0000  10.2451
     16        0.0418       0.9725      0.6738        0.1193  0.0000  10.3292
     17        0.0418       0.9723      0.6726        0.1192  0.0000  10.2160
     18        0.0419       0.9726      0.6745        0.1190  0.0000  10.3044
     19        0.0420       0.9729      0.6761        0.1186  0.0000  10.3038
     20        0.0421       0.9725      0.6745        0.1192  0.0000  10.3627
     21        0.0420       0.9726      0.6747        0.1189  0.0000  10.4842
     22        0.0418       0.9729      0.6759        0.1188  0.0000  10.2976
     23        0.0419       0.9725      0.6735        0.1190  0.0000  10.3440
     24        0.0422       0.9728      0.6758        0.1191  0.0000  10.2604
     25        0.0418       0.9726      0.6743        0.1188  0.0000  10.2998
     26        0.0419       0.9727      0.6753        0.1189  0.0000  10.3412
     27        0.0418       0.9726      0.6748        0.1192  0.0000  10.5582
     28        0.0418       0.9725      0.6736        0.1188  0.0000  10.2861
     29        0.0420       0.9728      0.6757        0.1190  0.0000  10.5339
     30        0.0419       0.9728      0.6756        0.1191  0.0000  10.6607
[[44006   113    69    30]
 [  432  1247   154     3]
 [  147    12  3057     3]
 [  369     0    19     0]]
              precision    recall  f1-score   support

           0     0.9789    0.9952    0.9870     44218
           1     0.9089    0.6792    0.7774      1836
           2     0.9266    0.9497    0.9380      3219
           3     0.0000    0.0000    0.0000       388

    accuracy                         0.9728     49661
   macro avg     0.7036    0.6560    0.6756     49661
weighted avg     0.9653    0.9728    0.9684     49661