  epoch    train_loss    valid_acc    valid_f1    valid_loss      lr      dur
-------  ------------  -----------  ----------  ------------  ------  -------
      1        0.2895       0.9426      0.4624        0.2376  0.0010  10.5343
      2        0.1358       0.9481      0.5283        0.1790  0.0010  10.2049
      3        0.0989       0.9515      0.5918        0.1607  0.0010  10.2201
      4        0.0751       0.9584      0.6278        0.1491  0.0010  10.5211
      5        0.0601       0.9565      0.6368        0.1618  0.0010  10.2261
      6        0.0517       0.9659      0.6536        0.1331  0.0001  10.1490
      7        0.0486       0.9662      0.6592        0.1372  0.0001  10.2189
      8        0.0471       0.9653      0.6578        0.1367  0.0001  10.3620
      9        0.0458       0.9648      0.6577        0.1377  0.0001  10.4021
     10        0.0452       0.9668      0.6597        0.1323  0.0001  10.2728
     11        0.0440       0.9662      0.6602        0.1345  0.0000  10.3795
     12        0.0440       0.9663      0.6607        0.1339  0.0000  10.3335
     13        0.0436       0.9654      0.6596        0.1365  0.0000  10.2141
     14        0.0437       0.9659      0.6605        0.1357  0.0000  10.2147
     15        0.0437       0.9655      0.6597        0.1370  0.0000  10.2331
     16        0.0432       0.9653      0.6595        0.1370  0.0000  10.4520
     17        0.0431       0.9663      0.6601        0.1347  0.0000  10.2194
     18        0.0431       0.9657      0.6603        0.1358  0.0000  10.2193
     19        0.0431       0.9656      0.6604        0.1360  0.0000  10.5190
     20        0.0433       0.9659      0.6609        0.1355  0.0000  10.4005
     21        0.0433       0.9660      0.6603        0.1347  0.0000  10.2141
     22        0.0433       0.9657      0.6605        0.1356  0.0000  10.2634
     23        0.0434       0.9661      0.6605        0.1351  0.0000  10.2432
     24        0.0435       0.9654      0.6610        0.1366  0.0000  10.2108
     25        0.0432       0.9658      0.6603        0.1360  0.0000  10.2926
     26        0.0433       0.9658      0.6607        0.1356  0.0000  10.2842
     27        0.0432       0.9655      0.6598        0.1366  0.0000  10.3487
     28        0.0430       0.9663      0.6602        0.1344  0.0000  10.2320
     29        0.0432       0.9656      0.6605        0.1356  0.0000  10.4169
     30        0.0435       0.9656      0.6602        0.1359  0.0000  10.3764
[[43531   517   153    17]
 [  424  1326    86     0]
 [  112    11  3096     0]
 [  353     0    35     0]]
              precision    recall  f1-score   support

           0     0.9800    0.9845    0.9822     44218
           1     0.7152    0.7222    0.7187      1836
           2     0.9187    0.9618    0.9397      3219
           3     0.0000    0.0000    0.0000       388

    accuracy                         0.9656     49661
   macro avg     0.6535    0.6671    0.6602     49661
weighted avg     0.9586    0.9656    0.9621     49661